n,cmp,ptr,h,mcmp,mptr,mh
10000,46.44,249.106,28.8741,69,295,45
10000,46.3756,248.041,28.4794,73,314,43
10000,46.4456,247.973,28.1732,65,316,45
10000,46.3288,245.206,28.1888,65,313,43
10000,46.378,247.411,28.6475,68,307,44
10000,46.2087,242.639,28.1998,69,322,43
10000,46.3727,247.248,28.5555,61,315,44
10000,46.3576,248.217,28.1802,67,322,42
10000,46.3893,248.531,28.5634,67,334,43
10000,46.1686,244.188,28.1988,75,310,45
10000,46.4065,248.275,27.9661,69,322,40
10000,46.4955,251.648,28.2664,65,325,42
10000,46.3691,247.345,28.46,79,324,41
10000,46.2683,247.686,28.3088,75,313,42
10000,46.5695,250.921,28.1348,69,298,42
10000,46.337,247.674,28.386,73,333,43
10000,46.2978,247.797,28.1181,67,289,41
10000,46.4275,245.819,28.4706,69,304,44
10000,46.2418,246.806,28.5622,65,305,44
10000,46.4883,249.562,28.6235,73,307,46
10000,46.3669,248.832,28.5554,69,331,42
20000,50.6688,269.203,31.1719,71,333,46
20000,50.808,272.723,31.3328,69,332,45
20000,50.698,270.384,31.273,75,324,46
20000,50.6079,270.087,31.2288,73,331,45
20000,50.8302,273.056,31.3575,79,330,45
20000,50.7825,272.668,31.2605,71,360,45
20000,50.7433,272.109,31.6629,77,349,48
20000,50.6344,269.998,31.4714,77,334,49
20000,50.7748,271.845,31.2111,81,367,45
20000,50.797,271.945,31.2572,73,333,46
20000,50.7615,270.877,31.1474,72,323,48
20000,50.8204,272.604,31.2685,70,369,49
20000,50.8083,272.855,31.4846,77,333,47
20000,50.6068,269.694,31.3182,71,350,47
20000,50.6377,269.633,31.426,76,343,47
20000,50.6925,270.935,31.4672,77,341,47
20000,50.8728,274.017,31.6193,71,360,48
20000,50.7151,272.172,31.134,73,359,47
20000,50.7094,271.295,31.4597,75,350,46
20000,50.7831,273.217,31.4938,75,342,46
20000,50.6437,269.061,31.164,71,341,45
30000,53.0743,278.284,32.9897,79,360,51
30000,53.3096,284.446,33.1831,73,360,46
30000,53.2656,285.051,32.9741,79,351,48
30000,53.2964,286.408,33.059,79,360,49
30000,53.2373,284.152,33.097,75,350,53
30000,53.2995,285.114,33.0586,77,359,48
30000,53.352,286.897,32.9517,73,370,48
30000,53.333,285.443,33.2745,83,370,48
30000,53.3081,286.779,33.1871,77,343,51
30000,53.218,281.961,33.0539,79,387,50
30000,53.1791,282.906,33.2091,77,370,52
30000,53.3342,286.508,33.1143,81,370,49
30000,53.2554,283.472,33.0954,80,359,50
30000,53.3923,286.175,33.2929,73,352,51
30000,53.2728,285.749,33.2691,75,394,50
30000,53.2873,286.436,33.1439,77,359,51
30000,53.2123,282.769,33.1083,74,360,48
30000,53.1935,283.813,32.981,75,359,48
30000,53.2155,285.245,33.2786,75,361,52
30000,53.1888,282.743,33.2061,80,396,49
30000,53.2797,284.799,33.0415,79,359,50
40000,55.0933,295.534,34.6856,91,388,52
40000,55.0298,294.879,34.2804,77,370,51
40000,55.0666,294.771,34.4633,79,375,50
40000,55.0154,293.241,34.3462,73,378,50
40000,55.1721,297.043,34.4966,77,387,50
40000,55.1838,296.656,34.2849,80,370,49
40000,55.0621,294.953,34.4917,87,378,53
40000,55.1809,297.584,34.4529,81,377,52
40000,54.9595,287.016,34.0767,81,370,50
40000,55.0528,293.692,34.32,77,388,54
40000,55.0922,294.385,34.2679,79,379,50
40000,55.0638,294.099,34.2686,83,378,53
40000,55.0942,296.173,34.5086,79,388,50
40000,55.1651,296.321,34.3493,79,406,50
40000,55.0694,294.955,34.5389,81,361,50
40000,55.1292,296.511,34.7951,84,370,50
40000,55.1674,297.753,34.2612,77,388,49
40000,55.1081,296.039,34.5233,79,379,50
40000,55.1055,294.952,34.4151,87,387,51
40000,55.104,294.717,34.4132,87,360,50
40000,55.0883,294.414,34.3455,79,378,51
50000,56.4517,301.819,35.2541,81,396,53
50000,56.4747,303.051,35.3817,79,368,50
50000,56.3874,300.921,35.36,79,395,53
50000,56.5303,303.219,35.3176,85,369,53
50000,56.5817,304.324,35.6327,85,396,52
50000,56.4816,303.041,35.627,85,370,55
50000,56.4193,301.734,35.327,79,387,53
50000,56.4873,301.695,35.335,79,386,53
50000,56.4981,302.234,35.5154,85,376,53
50000,56.5431,303.294,35.2961,83,395,53
50000,56.4638,303.036,35.2464,79,379,52
50000,56.5489,304.23,35.4558,87,406,54
50000,56.4744,301.178,35.3098,81,378,50
50000,56.4983,302.681,35.2767,80,397,54
50000,56.5864,304.302,35.5449,83,404,52
50000,56.4146,301.126,35.271,81,387,51
50000,56.4983,302.552,35.2989,79,386,51
50000,56.417,301.484,35.4203,83,376,53
50000,56.5052,304.143,35.7666,89,404,53
50000,56.476,301.838,35.2537,81,369,53
50000,56.48,302.951,35.3107,83,397,53
60000,57.6777,309.937,36.0539,79,386,56
60000,57.6893,309.724,36.3234,85,402,53
60000,57.5551,306.51,36.1927,91,421,55
60000,57.5734,307.585,36.3245,89,413,57
60000,57.6213,308.719,36.2374,83,386,53
60000,57.7074,310.074,36.3059,81,458,54
60000,57.6233,309.039,36.3084,87,387,54
60000,57.6168,309.763,36.2784,79,404,54
60000,57.6816,309.739,36.2985,79,413,55
60000,57.6095,308.885,36.1849,81,370,52
60000,57.5026,304.76,36.0991,80,397,53
60000,57.6229,307.868,36.0936,81,388,53
60000,57.4986,306.761,36.0951,83,411,52
60000,57.6592,308.877,36.2425,83,377,56
60000,57.6005,308.674,36.2605,91,386,54
60000,57.6708,310.11,36.2279,87,397,53
60000,57.5857,308.567,36.3754,83,379,54
60000,57.6069,308.797,36.2631,81,386,58
60000,57.5356,306.524,36.0756,81,387,54
60000,57.6863,310.347,36.1322,84,394,51
60000,57.6231,308.119,36.3944,85,414,56
70000,58.624,313.855,36.952,85,395,57
70000,58.6347,314.652,37.0021,90,396,54
70000,58.6019,314.577,36.9757,84,379,54
70000,58.5898,314.794,36.9786,86,405,53
70000,58.5545,313.349,36.9196,85,406,56
70000,58.6305,314.894,36.8544,83,396,52
70000,58.5649,313.178,36.9344,87,394,54
70000,58.6217,315.088,36.9571,84,413,52
70000,58.5266,312.714,36.9216,93,423,54
70000,58.5821,313.443,36.8395,85,449,52
70000,58.5385,312.39,36.613,87,396,56
70000,58.5822,314.206,36.6688,85,387,56
70000,58.5245,312.833,37.0095,85,405,54
70000,58.6684,316.137,37.0276,84,396,53
70000,58.5488,312.59,36.8062,97,406,52
70000,58.5661,314.324,37.15,81,404,56
70000,58.5629,312.842,36.9996,83,406,56
70000,58.5717,313.136,36.7389,84,388,52
70000,58.5901,313.532,37.0221,85,403,55
70000,58.5427,313.015,36.9249,83,377,60
70000,58.4879,312.287,36.9373,83,451,56
80000,59.3597,316.292,37.4616,83,396,54
80000,59.5005,319.395,37.4079,91,415,53
80000,59.4693,319.47,37.4983,87,386,58
80000,59.4286,318.947,37.5132,95,466,56
80000,59.4273,317.463,37.5922,85,406,55
80000,59.4665,319.708,37.4685,85,406,54
80000,59.4598,318.651,37.4646,85,406,53
80000,59.4535,319.368,37.5867,85,387,53
80000,59.3918,319.277,37.4824,93,411,56
80000,59.4502,318.423,37.3757,93,387,54
80000,59.4621,318.952,37.6638,89,396,60
80000,59.4824,319.84,37.5607,87,405,54
80000,59.4356,320.263,37.335,83,414,57
80000,59.4223,318.334,37.4638,83,403,57
80000,59.3806,317.36,37.3076,87,406,54
80000,59.4659,319.171,37.3945,87,404,54
80000,59.3675,316.95,37.4546,93,406,55
80000,59.4723,317.948,37.4906,87,397,57
80000,59.3881,318.018,37.549,89,414,56
80000,59.5109,320.415,37.6115,89,396,57
80000,59.4753,318.902,37.5126,89,449,57
90000,60.1832,323.869,38.0635,97,405,57
90000,60.1901,322.006,38.2609,87,396,59
90000,60.1804,322.918,38.0133,84,404,56
90000,60.2013,323.897,38.0614,83,414,57
90000,60.1546,320.281,37.9002,87,423,54
90000,60.2084,322.562,38.0024,87,394,56
90000,60.226,324.098,38.0202,85,403,56
90000,60.1539,322.492,38.0953,89,414,54
90000,60.2359,324.123,38.1018,89,405,55
90000,60.1514,322.7,38.1074,87,405,58
90000,60.1418,322.086,38.1,84,388,55
90000,60.1986,323.049,38.1942,90,397,57
90000,60.1343,322.585,38.1363,89,387,56
90000,60.1059,320.036,37.8452,85,413,54
90000,60.1572,322.916,38.1825,89,386,56
90000,60.1242,322.374,37.8681,84,395,55
90000,60.1389,322.332,38.0624,83,388,54
90000,60.185,322.576,38.1332,93,383,60
90000,60.2064,323.905,38.1571,86,440,57
90000,60.0696,320.565,37.9166,83,406,55
90000,60.2468,325.126,38.285,95,415,56
100000,60.8443,326.606,38.4298,89,440,55
100000,60.8668,326.897,38.4588,89,431,56
100000,60.8274,325.67,38.3918,87,422,56
100000,60.813,326.896,38.7002,91,387,55
100000,60.8402,326.599,38.6013,91,424,58
100000,60.881,327.733,38.5002,83,423,58
100000,60.8094,325.017,38.5752,91,441,57
100000,60.8421,326.387,38.6432,87,404,56
100000,60.8158,324.479,38.5083,89,423,59
100000,60.8381,326.195,38.4068,87,406,56
100000,60.832,325.314,38.513,85,404,55
100000,60.8133,326.064,38.3736,89,406,56
100000,60.8285,326.758,38.5138,93,441,57
100000,60.8443,326.373,38.4687,89,412,57
100000,60.8452,326.509,38.4361,87,415,57
100000,60.8636,327.744,38.5874,91,423,58
100000,60.8479,326.745,38.487,85,431,56
100000,60.8274,326.288,38.5218,83,404,56
100000,60.8052,325.068,38.3683,95,415,56
100000,60.8396,326.545,38.4856,95,396,58
100000,60.8534,325.769,38.5869,87,451,56