n,cmp,ptr,h,mcmp,mptr,mh
10000,41.0378,50.3292,48.6131,53,58,28
10000,44.9437,54.3167,54.4364,59,64,31
10000,44.3393,53.7715,54.7483,59,68,33
10000,44.8521,54.2427,55.7568,61,66,32
10000,43.4797,52.835,51.5954,57,60,29
10000,42.9027,52.358,54.1824,57,66,32
10000,44.6054,53.9148,57.6531,59,68,33
10000,43.928,53.2841,52.4134,57,60,29
10000,44.9545,54.3912,54.4974,57,64,31
10000,42.4024,51.8788,52.865,53,62,30
10000,46.0431,55.4523,57.3088,61,68,33
10000,42.7336,52.1694,52.9877,57,66,32
10000,44.5428,53.9883,55.4134,59,66,32
10000,43.6458,53.0321,55.1688,59,66,32
10000,48.1827,57.5878,58.6459,63,66,32
10000,43.7371,53.0957,56.7984,63,66,32
10000,41.21,50.6142,51.4504,55,60,29
10000,44.0807,53.3932,50.7262,57,60,29
10000,42.1725,51.5597,48.629,53,58,28
10000,42.8173,52.197,50.1343,57,62,30
10000,43.3418,52.7502,54.1775,61,66,32
20000,48.6545,58.0812,59.9733,63,70,34
20000,49.6831,59.081,71.9164,75,82,40
20000,48.0051,57.4104,61.4032,65,70,34
20000,47.9686,57.3807,60.2622,65,70,34
20000,47.8123,57.2693,59.9596,65,68,33
20000,45.2261,54.6248,57.9823,61,66,32
20000,46.3086,55.7194,56.1768,61,66,32
20000,47.4962,56.979,56.3614,59,66,32
20000,45.2939,54.716,52.4808,55,62,30
20000,49.1561,58.5425,58.2782,65,70,34
20000,50.2324,59.6048,70.3284,73,84,41
20000,46.2433,55.5937,55.8819,61,64,31
20000,48.8292,58.2412,60.0375,65,70,34
20000,48.0204,57.515,62.9189,67,72,35
20000,47.19,56.6035,58.7248,67,72,35
20000,49.9113,59.3306,60.4269,65,70,34
20000,47.076,56.5301,56.8454,61,68,33
20000,45.4455,54.8432,56.629,63,68,33
20000,46.6301,56.1239,55.7216,59,66,32
20000,46.6591,56.0573,54.3236,57,64,31
20000,46.3965,55.7728,60.5736,63,70,34
30000,48.9093,58.2527,60.1595,65,72,35
30000,48.5933,57.9887,61.2622,67,72,35
30000,51.9366,61.3557,63.1893,69,74,36
30000,55.8549,65.2866,66.9066,69,76,37
30000,52.0214,61.5046,65.9115,71,78,38
30000,48.8415,58.2454,61.7286,65,70,34
30000,48.739,58.1424,58.1444,63,68,33
30000,51.9212,61.3942,71.8652,79,84,41
30000,49.7456,59.1165,62.7328,67,72,35
30000,51.1737,60.5698,72.4803,75,82,40
30000,52.8848,62.2896,68.6604,69,80,39
30000,48.3609,57.7612,58.3787,61,66,32
30000,50.2928,59.7344,63.0064,65,72,35
30000,50.3889,59.7791,63.0439,67,72,35
30000,51.4299,60.8627,59.9055,63,70,34
30000,52.0791,61.4762,66.6585,73,78,38
30000,53.5616,62.9763,62.8574,69,76,37
30000,50.6042,60.0462,67.3674,73,78,38
30000,49.7548,59.1144,60.453,63,70,34
30000,53.2119,62.6321,63.4528,65,74,36
30000,48.5716,57.9711,57.5708,59,66,32
40000,52.4151,61.8228,64.3074,67,76,37
40000,54.8678,64.2482,63.7524,67,74,36
40000,54.5656,63.9749,66.2534,67,74,36
40000,51.2898,60.7091,61.8636,67,72,35
40000,50.5885,60.0277,60.7135,61,68,33
40000,50.1513,59.5821,60.3761,63,70,34
40000,54.2176,63.6416,70.8675,75,82,40
40000,51.272,60.6782,65.4318,71,78,38
40000,51.2771,60.6467,64.6936,69,76,37
40000,55.258,64.6259,68.817,69,78,38
40000,51.8895,61.2931,63.2428,69,76,37
40000,53.3021,62.6551,68.7483,71,80,39
40000,54.0694,63.4531,65.6602,65,74,36
40000,51.9624,61.3579,64.2643,67,74,36
40000,51.3873,60.8464,63.2712,67,72,35
40000,52.0708,61.4634,64.327,71,78,38
40000,50.1427,59.574,61.9551,65,70,34
40000,51.9047,61.3177,65.6897,71,76,37
40000,49.9973,59.3481,60.5606,65,72,35
40000,50.4452,59.863,58.0135,63,66,32
40000,51.7592,61.1542,67.2262,71,78,38
50000,53.5371,62.9251,64.674,67,76,37
50000,54.166,63.597,74.6671,77,84,41
50000,51.565,60.9906,63.2251,67,76,37
50000,53.1718,62.5706,69.1068,75,80,39
50000,54.7095,64.1122,66.3428,71,78,38
50000,54.1154,63.5385,67.4545,73,82,40
50000,53.3332,62.7569,62.916,67,72,35
50000,59.2391,68.6442,73.3024,81,86,42
50000,54.9233,64.3409,68.2925,71,78,38
50000,52.999,62.3885,65.1582,73,76,37
50000,59.5271,68.8968,76.1833,83,86,42
50000,52.8204,62.2093,69.5071,75,80,39
50000,52.9477,62.3229,64.7062,69,76,37
50000,52.9532,62.3797,64.6517,73,76,37
50000,52.0495,61.4808,72.0971,77,84,41
50000,53.1933,62.5964,63.4998,69,74,36
50000,52.9614,62.3414,62.993,67,76,37
50000,52.9568,62.34,67.1947,71,76,37
50000,50.3945,59.8086,63.8083,69,74,36
50000,53.2726,62.6976,67.1726,71,76,37
50000,52.7183,62.1488,63.1593,65,72,35
60000,54.0003,63.3568,64.1421,69,74,36
60000,53.4496,62.8376,67.0876,71,78,38
60000,52.777,62.1709,65.9596,69,74,36
60000,53.5134,62.9335,67.8559,71,76,37
60000,55.742,65.1983,65.4305,69,76,37
60000,55.0603,64.4525,67.0155,73,78,38
60000,53.1667,62.603,66.5129,69,80,39
60000,53.3905,62.786,64.957,69,76,37
60000,52.3569,61.7491,63.9753,67,74,36
60000,54.2802,63.7027,68.4276,71,80,39
60000,56.8223,66.2462,68.7063,75,82,40
60000,58.7142,68.106,71.4131,73,82,40
60000,53.9187,63.3367,67.448,71,78,38
60000,56.744,66.1402,66.2796,71,78,38
60000,54.9202,64.3599,67.2076,73,76,37
60000,57.6707,67.0665,76.2074,83,88,43
60000,58.2748,67.7135,70.8892,77,82,40
60000,55.4088,64.8544,69.3011,75,80,39
60000,54.4218,63.8274,69.7232,73,78,38
60000,54.4394,63.8532,76.464,81,88,43
60000,52.1841,61.5922,69.7822,75,80,39
70000,53.811,63.2522,68.6994,73,80,39
70000,54.2756,63.6864,68.3115,75,80,39
70000,53.7185,63.1197,68.077,71,76,37
70000,55.286,64.6981,70.2127,73,80,39
70000,53.9043,63.3387,64.9725,69,76,37
70000,59.8762,69.2988,73.1258,75,82,40
70000,54.123,63.5564,65.7963,73,76,37
70000,55.6946,65.0806,74.2824,79,86,42
70000,53.8706,63.2827,66.8921,71,78,38
70000,59.0548,68.4749,72.9608,75,84,41
70000,54.0195,63.4312,68.8201,75,80,39
70000,53.2786,62.7164,66.5229,73,78,38
70000,55.3997,64.7991,65.9123,67,76,37
70000,54.9605,64.3679,70.4126,75,82,40
70000,53.6523,63.0665,64.6721,69,74,36
70000,52.973,62.3867,66.5341,71,78,38
70000,54.6126,64.0357,64.2274,69,72,35
70000,57.204,66.6672,72.3952,77,84,41
70000,53.0295,62.4399,64.8727,71,76,37
70000,54.7313,64.1282,69.5271,77,82,40
70000,52.652,62.0533,65.3448,73,76,37
80000,54.3456,63.7392,70.1707,75,80,39
80000,55.0117,64.4349,66.9752,71,76,37
80000,53.4218,62.815,64.717,67,74,36
80000,57.7743,67.1933,68.7746,73,78,38
80000,58.394,67.8239,67.6117,73,78,38
80000,54.2966,63.7493,66.4344,71,78,38
80000,56.3423,65.7376,68.1158,75,80,39
80000,60.4132,69.8563,81.0352,87,94,46
80000,55.7904,65.2033,70.7745,75,86,42
80000,56.3833,65.8108,70.685,73,80,39
80000,55.9371,65.3173,74.801,77,86,42
80000,56.6328,66.047,66.5506,71,76,37
80000,55.0402,64.4467,72.8998,79,88,43
80000,55.293,64.7206,68.6116,73,80,39
80000,53.4534,62.8527,62.5963,65,74,36
80000,54.2706,63.6773,65.39,69,76,37
80000,55.5573,64.981,65.869,69,76,37
80000,54.186,63.5936,67.1742,71,78,38
80000,57.0639,66.4611,75.5381,77,84,41
80000,57.1452,66.6002,68.2554,73,78,38
80000,57.6553,67.0611,74.1033,77,84,41
90000,59.3119,68.745,75.8263,81,88,43
90000,57.5738,67.0292,76.2894,81,88,43
90000,56.0261,65.4596,71.5415,75,80,39
90000,56.7216,66.1342,69.4173,75,80,39
90000,57.3394,66.7422,73.5611,79,84,41
90000,55.5789,64.9994,78.0417,79,88,43
90000,56.9121,66.3343,75.0586,83,86,42
90000,58.3146,67.7288,66.9968,71,76,37
90000,54.804,64.2184,68.31,73,78,38
90000,57.3124,66.7254,73.1032,77,82,40
90000,56.5225,65.9311,71.2349,75,80,39
90000,57.2881,66.7173,70.7552,73,82,40
90000,56.6451,66.0694,70.3444,75,82,40
90000,56.916,66.9344,71.0674,73,82,40
90000,54.0666,63.4626,67.6847,71,80,39
90000,58.52,67.942,72.1743,75,82,40
90000,59.3941,68.8344,70.4792,75,80,39
90000,57.1309,66.5451,77.8825,81,84,41
90000,61.9218,71.3459,72.2635,79,84,41
90000,56.5669,65.9577,70.8938,75,82,40
90000,56.8634,66.2532,73.3901,73,84,41
100000,56.4084,65.8104,71.8809,77,82,40
100000,56.867,66.3001,71.4047,75,80,39
100000,58.5704,67.9357,71.8154,77,82,40
100000,61.4456,70.8348,75.8709,81,86,42
100000,59.2303,68.6604,77.8962,85,88,43
100000,55.4664,64.9106,65.6936,69,74,36
100000,57.1148,66.5302,67.8477,71,76,37
100000,59.3506,68.7797,71.6936,75,82,40
100000,59.2942,68.6945,70.6419,77,80,39
100000,59.5819,68.9984,74.7333,81,86,42
100000,56.6273,66.0418,67.9347,71,78,38
100000,57.8931,67.2911,69.3454,77,80,39
100000,60.7724,70.2199,78.8786,81,88,43
100000,58.8172,68.2101,73.2446,77,84,41
100000,60.0845,69.5491,84.7475,89,96,47
100000,58.474,67.9181,73.6492,79,84,41
100000,60.2372,69.6622,75.8839,79,84,41
100000,58.2032,67.6322,69.6181,71,78,38
100000,61.9102,71.3261,76.5973,85,90,44
100000,56.7295,66.1535,70.9329,75,80,39
100000,56.9124,66.3531,75.1842,79,84,41