01111001011100111010011001100000110011001001101110
00100111011000100111100011011100101110011111000011
00000001111111011010000001000000010000110110100110
00101000000010101111111110001110001110101000101001
10011101001010101111001100001111000010110100010110
01000001000011110100010000110001010001010001000101
11111111101001001010010000111110001100011100000011
10000000111000000000010110001110010101100011101111
10110011001111101001110111011100010011100000001100
01100000101010000010011010001011011010100101001011
