011111100111100101110011101001100110000011001100100110111001001111101110110000110111001100001111110
0111111000100111011000100111100011011100101110011111000001100000000100011111001011001100100101111110
011111100000000111110110110100000010000000100001101101001101001100100100001100010011100001001111110
01111110001010000000101011111011111100011100011101010001010011001100010000011100001100011001101111110
011111101001110100101010111100110000111100001011010001011001011000101000111000110111110001101111110
01111110010000010000111101000100001100010100010100010001010001011001011110100010111001010101111110
01111110111111111010010010100100001111100001100011100000011001100111110111110000110100000010101111110
01111110100000001110000000000101100011100101011000111011110010000110011110111100101000001001111110
011111101011001100111110010011101110111000100111000000011001101001110101111001100101111011001111110
01111110011000001010100000100110100010110110101001010010110110010011100111101101010100010001111110
